# Blender v3.0.1 OBJ File: ''
# www.blender.org
mtllib danceblock.mtl
o Cube.007
v -12.126918 8.188457 -1.998893
v -16.372768 9.224535 -2.029397
v -12.344252 7.264916 -3.116457
v -16.590103 8.300993 -3.146962
v -12.398293 7.104295 -1.050179
v -16.644144 8.140371 -1.080683
v -12.615627 6.180753 -2.167743
v -16.861477 7.216830 -2.198248
v -0.391604 3.230091 0.953453
v 0.771773 -2.761303 1.809826
v -1.957407 2.761305 -0.199151
v -0.794032 -3.230089 0.657222
v 0.794030 3.230091 -0.657222
v 1.957405 -2.761304 0.199151
v -0.771775 2.761305 -1.809826
v 0.391602 -3.230090 -0.953453
v -0.642302 -4.352988 -0.655187
v -0.662398 -7.511383 0.699141
v 1.357478 -4.352988 -0.625513
v 1.337382 -7.511384 0.728814
v -0.669573 -3.564717 1.182715
v -0.689670 -6.723113 2.537043
v 1.330206 -3.564717 1.212390
v 1.310111 -6.723113 2.566717
v -0.953121 14.532841 -0.648809
v 2.102402 4.406165 -0.740636
v -1.571035 14.329248 1.242416
v 1.484487 4.202573 1.150590
v -2.765422 13.991911 -1.299166
v 0.290101 3.865237 -1.390993
v -3.383335 13.788321 0.592059
v -0.327812 3.661645 0.500233
v -1.915425 4.920958 4.811666
v 2.572256 4.920959 -11.031658
v -3.151917 3.388503 4.461425
v 1.335764 3.388503 -11.381899
v -3.389871 6.206097 4.394023
v 1.097808 6.206097 -11.449301
v -4.626364 4.673641 4.043783
v -0.138683 4.673642 -11.799540
v 1.870598 5.926821 -11.485840
v 2.941584 8.840492 -17.876608
v 2.529490 4.169376 -12.176672
v 3.600475 7.083049 -18.567440
v 0.006470 5.438286 -12.020967
v 1.077456 8.351958 -18.411736
v 0.665362 3.680841 -12.711802
v 1.736347 6.594514 -19.102570
v 2.206707 20.609337 -4.019240
v -1.784492 10.352472 -4.019239
v 3.099459 20.261948 -2.171922
v -0.891743 10.005081 -2.171922
v 0.485137 21.279243 -3.061282
v -3.506065 11.022379 -3.061282
v 1.377887 20.931852 -1.213964
v -2.613315 10.674988 -1.213964
v 1.379919 8.679447 -3.861254
v -11.017765 8.679447 -3.861253
v 1.379918 6.585926 -3.861254
v -11.017766 6.585927 -3.861253
v 1.379919 8.679446 -1.767734
v -11.017765 8.679447 -1.767733
v 1.379918 6.585926 -1.767734
v -11.017765 6.585927 -1.767733
v -17.965446 7.685884 -3.024282
v -17.965445 8.716677 -2.422371
v -20.056465 7.685885 -3.024282
v -20.056463 8.716678 -2.422370
v -17.965446 6.631475 -1.218574
v -17.965445 7.662268 -0.616662
v -20.056465 6.631476 -1.218573
v -20.056463 7.662269 -0.616662
v 2.979616 23.161848 -0.987081
v -2.127098 20.452330 -0.987080
v 2.555588 23.961029 0.794672
v -2.551126 21.251507 0.794672
v 2.144520 24.735779 -1.891784
v -2.962194 22.026258 -1.891784
v 1.720493 25.534958 -0.110031
v -3.386222 22.825439 -0.110031
v -6.684385 7.353467 0.538770
v 6.449850 12.350632 9.121914
v -6.182753 5.447819 0.880635
v 6.951481 10.444984 9.463781
v -5.587332 7.342259 -1.133458
v 7.546904 12.339424 7.449687
v -5.085698 5.436612 -0.791593
v 8.048536 10.433778 7.791552
v 6.743364 13.517563 9.617476
v 12.666664 13.622129 13.539467
v 7.065790 11.592395 9.181852
v 12.989092 11.696960 13.103842
v 7.799683 14.058727 8.007713
v 13.722982 14.163294 11.929703
v 8.122108 12.133560 7.572090
v 14.045408 12.238125 11.494078
vt 0.300003 0.893164
vt 0.355297 0.893042
vt 0.355297 0.948649
vt 0.300003 0.948771
vt 0.593776 0.910586
vt 0.593776 0.855573
vt 0.648747 0.854327
vt 0.648747 0.909340
vt 0.958033 0.900247
vt 0.958033 0.955694
vt 0.904201 0.954600
vt 0.904201 0.899153
vt 0.005230 0.892433
vt 0.060525 0.892555
vt 0.060525 0.948162
vt 0.005230 0.948040
vt 0.384379 0.969273
vt 0.384379 0.913825
vt 0.438211 0.912731
vt 0.438211 0.968179
vt 0.177395 0.855463
vt 0.177395 0.910476
vt 0.122425 0.909231
vt 0.122425 0.854218
vt 0.225719 0.557263
vt 0.285501 0.536764
vt 0.332143 0.563487
vt 0.272361 0.583986
vt 0.272361 0.792304
vt 0.332143 0.771805
vt 0.342603 0.771805
vt 0.342603 0.563487
vt 0.389244 0.536764
vt 0.389244 0.745082
vt 0.449026 0.765581
vt 0.402384 0.792304
vt 0.225719 0.765581
vt 0.449026 0.557263
vt 0.214520 0.854218
vt 0.214520 0.918179
vt 0.187856 0.930912
vt 0.187856 0.866951
vt 0.770833 0.796738
vt 0.770833 0.922288
vt 0.695330 0.920503
vt 0.695330 0.794953
vt 0.262861 0.929078
vt 0.262861 0.802765
vt 0.289542 0.816366
vt 0.289542 0.942678
vt 0.968105 0.069191
vt 0.968105 0.005230
vt 0.994770 0.017963
vt 0.994770 0.081924
vt 0.225719 0.942678
vt 0.225719 0.816366
vt 0.252400 0.802765
vt 0.252400 0.929078
vt 0.669279 0.716533
vt 0.669279 0.842082
vt 0.593776 0.843867
vt 0.593776 0.718317
vt 0.715112 0.784494
vt 0.695330 0.744510
vt 0.768353 0.737338
vt 0.788135 0.777321
vt 0.932874 0.593916
vt 0.932874 0.888692
vt 0.904201 0.874299
vt 0.904201 0.579523
vt 0.788135 0.400092
vt 0.715112 0.407265
vt 0.788135 0.012403
vt 0.768353 0.052386
vt 0.695330 0.045214
vt 0.715112 0.005230
vt 0.788135 0.389632
vt 0.715112 0.382459
vt 0.904201 0.569062
vt 0.904201 0.274286
vt 0.932874 0.259892
vt 0.932874 0.554668
vt 0.975439 0.621653
vt 0.943334 0.649869
vt 0.943334 0.596207
vt 0.975439 0.567991
vt 0.005230 0.610975
vt 0.005230 0.005230
vt 0.035931 0.021564
vt 0.035931 0.627310
vt 0.105015 0.013895
vt 0.105014 0.619639
vt 0.070985 0.892432
vt 0.103089 0.920649
vt 0.103089 0.974311
vt 0.070985 0.946095
vt 0.184559 0.021564
vt 0.184558 0.627310
vt 0.115475 0.619639
vt 0.115475 0.013895
vt 0.215259 0.005230
vt 0.215259 0.610975
vt 0.972425 0.557531
vt 0.943334 0.522601
vt 0.943334 0.458025
vt 0.972425 0.492955
vt 0.618977 0.437519
vt 0.618977 0.706072
vt 0.577757 0.705070
vt 0.577757 0.436518
vt 0.564954 0.436714
vt 0.564954 0.705269
vt 0.501404 0.705072
vt 0.501404 0.436518
vt 0.409120 0.837695
vt 0.438211 0.802764
vt 0.438211 0.867341
vt 0.409120 0.902271
vt 0.682527 0.437323
vt 0.682527 0.705875
vt 0.460185 0.706072
vt 0.460185 0.437519
vt 0.593776 0.981534
vt 0.593776 0.943400
vt 0.623303 0.921045
vt 0.623303 0.959179
vt 0.646808 0.426058
vt 0.646808 0.012249
vt 0.684870 0.005230
vt 0.684870 0.419039
vt 0.460185 0.422495
vt 0.460185 0.008686
vt 0.529236 0.005230
vt 0.529236 0.419039
vt 0.151953 0.943291
vt 0.151953 0.981425
vt 0.122425 0.959069
vt 0.122425 0.920936
vt 0.577757 0.422602
vt 0.577757 0.008795
vt 0.567297 0.012249
vt 0.567297 0.426058
vt 0.127068 0.637770
vt 0.206270 0.641678
vt 0.201626 0.717749
vt 0.122425 0.713840
vt 0.127068 0.839849
vt 0.206270 0.843758
vt 0.526980 0.937037
vt 0.526980 0.750281
vt 0.583316 0.716533
vt 0.583316 0.903290
vt 0.798596 0.840079
vt 0.877797 0.836171
vt 0.882440 0.912241
vt 0.803239 0.916150
vt 0.516520 0.750281
vt 0.516520 0.937038
vt 0.460185 0.903290
vt 0.460185 0.716533
vt 0.803239 0.714071
vt 0.882440 0.710162
vt 0.972149 0.660330
vt 0.972149 0.729846
vt 0.943334 0.742569
vt 0.943334 0.673053
vt 0.344101 0.880805
vt 0.300003 0.882582
vt 0.300003 0.804542
vt 0.344101 0.802765
vt 0.798596 0.970949
vt 0.798596 0.926610
vt 0.826148 0.939970
vt 0.826148 0.984309
vt 0.943334 0.822546
vt 0.943334 0.753030
vt 0.972149 0.765753
vt 0.972149 0.835269
vt 0.661315 0.921046
vt 0.661315 0.965385
vt 0.633764 0.978745
vt 0.633764 0.934406
vt 0.354561 0.802765
vt 0.398660 0.804542
vt 0.398660 0.882582
vt 0.354561 0.880804
vt 0.870128 0.408442
vt 0.893741 0.462362
vt 0.822208 0.474567
vt 0.798595 0.420649
vt 0.957645 0.005230
vt 0.957645 0.146162
vt 0.915791 0.192902
vt 0.915791 0.051970
vt 0.870128 0.551153
vt 0.893740 0.699701
vt 0.822208 0.687496
vt 0.798595 0.538948
vt 0.822208 0.485027
vt 0.893740 0.497232
vt 0.893741 0.259893
vt 0.822208 0.272099
vt 0.985189 0.306633
vt 0.985189 0.447565
vt 0.943334 0.400826
vt 0.943334 0.259893
vt 0.278717 0.080310
vt 0.225719 0.042349
vt 0.279494 0.005230
vt 0.332492 0.043191
vt 0.342952 0.489185
vt 0.342952 0.043191
vt 0.395950 0.005230
vt 0.395950 0.451224
vt 0.449725 0.042349
vt 0.449725 0.488343
vt 0.396727 0.526304
vt 0.278717 0.526304
vt 0.332492 0.489185
vt 0.225719 0.488343
vt 0.058081 0.724993
vt 0.005230 0.681015
vt 0.059114 0.637770
vt 0.111964 0.681749
vt 0.798595 0.206188
vt 0.798595 0.049210
vt 0.851446 0.005230
vt 0.851446 0.162209
vt 0.905330 0.048475
vt 0.905330 0.205454
vt 0.852479 0.249434
vt 0.058081 0.881973
vt 0.111964 0.838728
vt 0.005230 0.837994
vn 0.9715 -0.2371 0.0070
vn -0.1483 -0.6300 -0.7623
vn -0.1851 -0.7395 0.6472
vn -0.9715 0.2371 -0.0070
vn 0.1851 0.7395 -0.6472
vn 0.1483 0.6300 0.7623
vn -0.1888 0.9721 -0.1390
vn -0.7829 -0.2344 -0.5763
vn 0.5928 -0.0000 -0.8053
vn 0.1888 -0.9721 0.1390
vn -0.5928 -0.0000 0.8053
vn 0.7829 0.2344 0.5763
vn 0.0058 0.9191 -0.3941
vn 0.9999 0.0000 0.0148
vn -0.0136 0.3941 0.9190
vn -0.0058 -0.9191 0.3941
vn 0.0136 -0.3941 -0.9190
vn -0.9999 0.0000 -0.0148
vn -0.2889 0.9573 0.0087
vn -0.3090 -0.1018 0.9456
vn -0.9062 -0.2705 -0.3252
vn 0.2889 -0.9573 -0.0087
vn 0.9061 0.2705 0.3252
vn 0.3090 0.1018 -0.9456
vn -0.2725 0.0000 0.9621
vn -0.6182 -0.7662 -0.1751
vn -0.7372 0.6426 -0.2088
vn 0.2725 -0.0000 -0.9621
vn 0.7372 -0.6426 0.2088
vn 0.6182 0.7662 0.1751
vn -0.1507 -0.4101 0.8995
vn 0.3294 -0.8787 -0.3454
vn -0.9321 -0.2443 -0.2676
vn 0.1507 0.4101 -0.8995
vn 0.9321 0.2443 0.2676
vn -0.3294 0.8787 0.3454
vn 0.3626 0.9319 -0.0000
vn 0.4290 -0.1669 0.8877
vn -0.8273 0.3219 0.4604
vn -0.3626 -0.9319 0.0000
vn 0.8273 -0.3219 -0.4604
vn -0.4290 0.1669 -0.8877
vn 1.0000 -0.0000 -0.0000
vn -0.0000 -1.0000 0.0000
vn 0.0000 0.0000 1.0000
vn -1.0000 0.0000 0.0000
vn -0.0000 -0.0000 -1.0000
vn 0.0000 1.0000 0.0000
vn -0.0000 -0.8636 -0.5043
vn 0.0000 -0.5043 0.8636
vn 0.0000 0.8636 0.5043
vn 0.0000 0.5043 -0.8636
vn 0.8834 0.4687 -0.0000
vn -0.2122 0.3999 0.8916
vn -0.4179 0.7876 -0.4527
vn -0.8834 -0.4687 0.0000
vn 0.4179 -0.7876 0.4527
vn 0.2122 -0.3999 -0.8916
vn -0.7976 -0.3035 -0.5212
vn 0.2508 -0.9528 0.1709
vn 0.5485 -0.0056 -0.8361
vn 0.7976 0.3035 0.5212
vn -0.5485 0.0056 0.8361
vn -0.2508 0.9528 -0.1709
vn -0.8337 -0.0147 -0.5520
vn 0.1612 -0.9626 -0.2178
vn 0.5282 0.2706 -0.8049
vn 0.8337 0.0147 0.5520
vn -0.5282 -0.2706 0.8049
vn -0.1612 0.9626 0.2178
usemtl Material
s off
f 1/1/1 5/2/1 7/3/1 3/4/1
f 4/5/2 3/6/2 7/7/2 8/8/2
f 8/9/3 7/10/3 5/11/3 6/12/3
f 6/13/4 2/14/4 4/15/4 8/16/4
f 2/17/5 1/18/5 3/19/5 4/20/5
f 6/21/6 5/22/6 1/23/6 2/24/6
f 9/25/7 13/26/7 15/27/7 11/28/7
f 12/29/8 11/28/8 15/27/8 16/30/8
f 16/31/9 15/32/9 13/33/9 14/34/9
f 14/34/10 10/35/10 12/36/10 16/31/10
f 10/37/11 9/25/11 11/28/11 12/29/11
f 14/34/12 13/33/12 9/38/12 10/35/12
f 17/39/13 21/40/13 23/41/13 19/42/13
f 20/43/14 19/44/14 23/45/14 24/46/14
f 24/47/15 23/48/15 21/49/15 22/50/15
f 22/51/16 18/52/16 20/53/16 24/54/16
f 18/55/17 17/56/17 19/57/17 20/58/17
f 22/59/18 21/60/18 17/61/18 18/62/18
f 25/63/19 29/64/19 31/65/19 27/66/19
f 28/67/20 27/68/20 31/69/20 32/70/20
f 32/71/21 31/65/21 29/64/21 30/72/21
f 30/73/22 26/74/22 28/75/22 32/76/22
f 26/74/23 25/77/23 27/78/23 28/75/23
f 30/79/24 29/80/24 25/81/24 26/82/24
f 33/83/25 37/84/25 39/85/25 35/86/25
f 36/87/26 35/88/26 39/89/26 40/90/26
f 40/90/27 39/89/27 37/91/27 38/92/27
f 38/93/28 34/94/28 36/95/28 40/96/28
f 34/97/29 33/98/29 35/99/29 36/100/29
f 38/101/30 37/102/30 33/98/30 34/97/30
f 41/103/31 45/104/31 47/105/31 43/106/31
f 44/107/32 43/108/32 47/109/32 48/110/32
f 48/111/33 47/112/33 45/113/33 46/114/33
f 46/115/34 42/116/34 44/117/34 48/118/34
f 42/119/35 41/120/35 43/108/35 44/107/35
f 46/114/36 45/113/36 41/121/36 42/122/36
f 49/123/37 53/124/37 55/125/37 51/126/37
f 52/127/38 51/128/38 55/129/38 56/130/38
f 56/131/39 55/132/39 53/133/39 54/134/39
f 54/135/40 50/136/40 52/137/40 56/138/40
f 50/139/41 49/140/41 51/128/41 52/127/41
f 54/134/42 53/133/42 49/141/42 50/142/42
f 57/143/43 61/144/43 63/145/43 59/146/43
f 60/147/44 59/146/44 63/145/44 64/148/44
f 64/149/45 63/150/45 61/151/45 62/152/45
f 62/153/46 58/154/46 60/155/46 64/156/46
f 58/157/47 57/158/47 59/159/47 60/160/47
f 62/153/48 61/161/48 57/162/48 58/154/48
f 65/163/49 69/164/49 71/165/49 67/166/49
f 68/167/46 67/168/46 71/169/46 72/170/46
f 72/171/50 71/172/50 69/173/50 70/174/50
f 70/175/51 66/176/51 68/177/51 72/178/51
f 66/179/52 65/180/52 67/181/52 68/182/52
f 70/183/43 69/184/43 65/185/43 66/186/43
f 73/187/53 77/188/53 79/189/53 75/190/53
f 76/191/54 75/192/54 79/193/54 80/194/54
f 80/195/55 79/196/55 77/197/55 78/198/55
f 78/198/56 74/199/56 76/200/56 80/195/56
f 74/201/57 73/187/57 75/190/57 76/202/57
f 78/203/58 77/204/58 73/205/58 74/206/58
f 81/207/59 85/208/59 87/209/59 83/210/59
f 84/211/60 83/212/60 87/213/60 88/214/60
f 88/214/61 87/213/61 85/215/61 86/216/61
f 86/216/62 82/217/62 84/211/62 88/214/62
f 82/218/63 81/207/63 83/210/63 84/219/63
f 86/220/64 85/208/64 81/207/64 82/218/64
f 89/221/65 93/222/65 95/223/65 91/224/65
f 92/225/66 91/226/66 95/227/66 96/228/66
f 96/228/67 95/227/67 93/229/67 94/230/67
f 94/230/68 90/231/68 92/225/68 96/228/68
f 90/232/69 89/221/69 91/224/69 92/233/69
f 94/234/70 93/222/70 89/221/70 90/232/70
